[38;2;195;166;247m[48;2;195;166;247m▀[0m[38;2;195;166;247m[48;2;59;51;82m▀[0m[38;2;195;166;247m▄[0m                    [38;2;195;166;247m▄[0m[38;2;195;166;247m[48;2;59;51;82m▀[0m[38;2;195;166;247m[48;2;195;166;247m▀[0m
[38;2;195;166;247m▀[0m[38;2;59;51;82m[48;2;195;166;247m▀[0m[38;2;59;51;82m[48;2;59;51;82m▀[0m[38;2;195;166;247m[48;2;59;51;82m▀[0m[38;2;195;166;247m▄[0m                [38;2;195;166;247m▄[0m[38;2;195;166;247m[48;2;59;51;82m▀[0m[38;2;59;51;82m[48;2;59;51;82m▀[0m[38;2;59;51;82m[48;2;195;166;247m▀[0m[38;2;195;166;247m▀[0m
 [38;2;195;166;247m▀[0m[38;2;59;51;82m[48;2;195;166;247m▀[0m[38;2;59;51;82m[48;2;59;51;82m▀[0m[38;2;59;51;82m[48;2;59;51;82m▀[0m[38;2;195;166;247m[48;2;59;51;82m▀[0m[38;2;195;166;247m▄[0m[38;2;195;166;247m▄[0m[38;2;195;166;247m[48;2;59;51;82m▀[0m[38;2;195;166;247m[48;2;59;51;82m▀[0m[38;2;195;166;247m[48;2;59;51;82m▀[0m[38;2;195;166;247m[48;2;59;51;82m▀[0m[38;2;195;166;247m[48;2;59;51;82m▀[0m[38;2;195;166;247m[48;2;59;51;82m▀[0m[38;2;195;166;247m[48;2;59;51;82m▀[0m[38;2;195;166;247m[48;2;59;51;82m▀[0m[38;2;195;166;247m[48;2;59;51;82m▀[0m[38;2;195;166;247m[48;2;59;51;82m▀[0m[38;2;195;166;247m▄[0m[38;2;195;166;247m▄[0m[38;2;195;166;247m[48;2;59;51;82m▀[0m[38;2;59;51;82m[48;2;59;51;82m▀[0m[38;2;59;51;82m[48;2;59;51;82m▀[0m[38;2;59;51;82m[48;2;195;166;247m▀[0m[38;2;195;166;247m▀[0m 
  [38;2;195;166;247m[48;2;195;166;247m▀[0m[38;2;59;51;82m[48;2;59;51;82m▀[0m[38;2;59;51;82m[48;2;59;51;82m▀[0m[38;2;59;51;82m[48;2;59;51;82m▀[0m[38;2;59;51;82m[48;2;59;51;82m▀[0m[38;2;59;51;82m[48;2;59;51;82m▀[0m[38;2;59;51;82m[48;2;59;51;82m▀[0m[38;2;59;51;82m[48;2;59;51;82m▀[0m[38;2;59;51;82m[48;2;59;51;82m▀[0m[38;2;59;51;82m[48;2;245;154;184m▀[0m[38;2;245;154;184m[48;2;245;154;184m▀[0m[38;2;245;154;184m[48;2;245;154;184m▀[0m[38;2;59;51;82m[48;2;245;154;184m▀[0m[38;2;59;51;82m[48;2;59;51;82m▀[0m[38;2;59;51;82m[48;2;59;51;82m▀[0m[38;2;59;51;82m[48;2;59;51;82m▀[0m[38;2;59;51;82m[48;2;59;51;82m▀[0m[38;2;59;51;82m[48;2;59;51;82m▀[0m[38;2;59;51;82m[48;2;59;51;82m▀[0m[38;2;59;51;82m[48;2;59;51;82m▀[0m[38;2;59;51;82m[48;2;59;51;82m▀[0m[38;2;195;166;247m[48;2;195;166;247m▀[0m  
  [38;2;195;166;247m[48;2;195;166;247m▀[0m[38;2;59;51;82m[48;2;59;51;82m▀[0m[38;2;59;51;82m[48;2;59;51;82m▀[0m[38;2;59;51;82m[48;2;59;51;82m▀[0m[38;2;59;51;82m[48;2;59;51;82m▀[0m[38;2;59;51;82m[48;2;59;51;82m▀[0m[38;2;59;51;82m[48;2;59;51;82m▀[0m[38;2;59;51;82m[48;2;59;51;82m▀[0m[38;2;245;154;184m[48;2;59;51;82m▀[0m[38;2;28;26;43m[48;2;245;154;184m▀[0m[38;2;245;154;184m[48;2;245;154;184m▀[0m[38;2;245;154;184m[48;2;245;154;184m▀[0m[38;2;28;26;43m[48;2;245;154;184m▀[0m[38;2;245;154;184m[48;2;59;51;82m▀[0m[38;2;59;51;82m[48;2;59;51;82m▀[0m[38;2;59;51;82m[48;2;59;51;82m▀[0m[38;2;59;51;82m[48;2;59;51;82m▀[0m[38;2;59;51;82m[48;2;59;51;82m▀[0m[38;2;59;51;82m[48;2;59;51;82m▀[0m[38;2;59;51;82m[48;2;59;51;82m▀[0m[38;2;59;51;82m[48;2;59;51;82m▀[0m[38;2;195;166;247m[48;2;195;166;247m▀[0m  
  [38;2;195;166;247m[48;2;195;166;247m▀[0m[38;2;59;51;82m[48;2;59;51;82m▀[0m[38;2;59;51;82m[48;2;59;51;82m▀[0m[38;2;59;51;82m[48;2;59;51;82m▀[0m[38;2;59;51;82m[48;2;241;235;255m▀[0m[38;2;59;51;82m[48;2;59;51;82m▀[0m[38;2;59;51;82m[48;2;59;51;82m▀[0m[38;2;59;51;82m[48;2;59;51;82m▀[0m[38;2;59;51;82m[48;2;241;235;255m▀[0m[38;2;59;51;82m[48;2;241;235;255m▀[0m[38;2;245;154;184m[48;2;59;51;82m▀[0m[38;2;245;154;184m[48;2;59;51;82m▀[0m[38;2;59;51;82m[48;2;241;235;255m▀[0m[38;2;59;51;82m[48;2;241;235;255m▀[0m[38;2;59;51;82m[48;2;59;51;82m▀[0m[38;2;59;51;82m[48;2;59;51;82m▀[0m[38;2;59;51;82m[48;2;59;51;82m▀[0m[38;2;59;51;82m[48;2;241;235;255m▀[0m[38;2;59;51;82m[48;2;59;51;82m▀[0m[38;2;59;51;82m[48;2;59;51;82m▀[0m[38;2;59;51;82m[48;2;59;51;82m▀[0m[38;2;195;166;247m[48;2;195;166;247m▀[0m  
  [38;2;195;166;247m[48;2;195;166;247m▀[0m[38;2;59;51;82m[48;2;59;51;82m▀[0m[38;2;59;51;82m[48;2;241;235;255m▀[0m[38;2;241;235;255m[48;2;241;235;255m▀[0m[38;2;241;235;255m[48;2;241;235;255m▀[0m[38;2;241;235;255m[48;2;241;235;255m▀[0m[38;2;59;51;82m[48;2;241;235;255m▀[0m[38;2;241;235;255m[48;2;241;235;255m▀[0m[38;2;241;235;255m[48;2;241;235;255m▀[0m[38;2;241;235;255m[48;2;241;235;255m▀[0m[38;2;241;235;255m[48;2;241;235;255m▀[0m[38;2;241;235;255m[48;2;241;235;255m▀[0m[38;2;241;235;255m[48;2;241;235;255m▀[0m[38;2;241;235;255m[48;2;241;235;255m▀[0m[38;2;241;235;255m[48;2;241;235;255m▀[0m[38;2;59;51;82m[48;2;241;235;255m▀[0m[38;2;241;235;255m[48;2;241;235;255m▀[0m[38;2;241;235;255m[48;2;241;235;255m▀[0m[38;2;241;235;255m[48;2;241;235;255m▀[0m[38;2;59;51;82m[48;2;241;235;255m▀[0m[38;2;59;51;82m[48;2;59;51;82m▀[0m[38;2;195;166;247m[48;2;195;166;247m▀[0m  
  [38;2;195;166;247m[48;2;195;166;247m▀[0m[38;2;59;51;82m[48;2;59;51;82m▀[0m[38;2;241;235;255m[48;2;241;235;255m▀[0m[38;2;241;235;255m[48;2;241;235;255m▀[0m[38;2;28;26;43m[48;2;241;235;255m▀[0m[38;2;28;26;43m[48;2;28;26;43m▀[0m[38;2;28;26;43m[48;2;28;26;43m▀[0m[38;2;241;235;255m[48;2;241;235;255m▀[0m[38;2;241;235;255m[48;2;241;235;255m▀[0m[38;2;241;235;255m[48;2;241;235;255m▀[0m[38;2;241;235;255m[48;2;241;235;255m▀[0m[38;2;241;235;255m[48;2;241;235;255m▀[0m[38;2;241;235;255m[48;2;241;235;255m▀[0m[38;2;241;235;255m[48;2;241;235;255m▀[0m[38;2;241;235;255m[48;2;241;235;255m▀[0m[38;2;28;26;43m[48;2;28;26;43m▀[0m[38;2;28;26;43m[48;2;28;26;43m▀[0m[38;2;28;26;43m[48;2;241;235;255m▀[0m[38;2;241;235;255m[48;2;241;235;255m▀[0m[38;2;241;235;255m[48;2;241;235;255m▀[0m[38;2;59;51;82m[48;2;59;51;82m▀[0m[38;2;195;166;247m[48;2;195;166;247m▀[0m  
  [38;2;195;166;247m▀[0m[38;2;59;51;82m[48;2;195;166;247m▀[0m[38;2;241;235;255m[48;2;241;235;255m▀[0m[38;2;255;179;204m[48;2;241;235;255m▀[0m[38;2;255;179;204m[48;2;241;235;255m▀[0m[38;2;241;235;255m[48;2;241;235;255m▀[0m[38;2;241;235;255m[48;2;241;235;255m▀[0m[38;2;241;235;255m[48;2;241;235;255m▀[0m[38;2;241;235;255m[48;2;241;235;255m▀[0m[38;2;241;235;255m[48;2;241;235;255m▀[0m[38;2;245;154;184m[48;2;241;235;255m▀[0m[38;2;245;154;184m[48;2;241;235;255m▀[0m[38;2;241;235;255m[48;2;241;235;255m▀[0m[38;2;241;235;255m[48;2;241;235;255m▀[0m[38;2;241;235;255m[48;2;241;235;255m▀[0m[38;2;241;235;255m[48;2;241;235;255m▀[0m[38;2;241;235;255m[48;2;241;235;255m▀[0m[38;2;255;179;204m[48;2;241;235;255m▀[0m[38;2;255;179;204m[48;2;241;235;255m▀[0m[38;2;241;235;255m[48;2;241;235;255m▀[0m[38;2;59;51;82m[48;2;195;166;247m▀[0m[38;2;195;166;247m▀[0m  
    [38;2;195;166;247m▀[0m[38;2;241;235;255m[48;2;195;166;247m▀[0m[38;2;241;235;255m[48;2;195;166;247m▀[0m[38;2;241;235;255m[48;2;241;235;255m▀[0m[38;2;241;235;255m[48;2;241;235;255m▀[0m[38;2;241;235;255m[48;2;241;235;255m▀[0m[38;2;241;235;255m[48;2;241;235;255m▀[0m[38;2;241;235;255m[48;2;241;235;255m▀[0m[38;2;241;235;255m[48;2;241;235;255m▀[0m[38;2;241;235;255m[48;2;241;235;255m▀[0m[38;2;241;235;255m[48;2;241;235;255m▀[0m[38;2;241;235;255m[48;2;241;235;255m▀[0m[38;2;241;235;255m[48;2;241;235;255m▀[0m[38;2;241;235;255m[48;2;241;235;255m▀[0m[38;2;241;235;255m[48;2;241;235;255m▀[0m[38;2;241;235;255m[48;2;195;166;247m▀[0m[38;2;241;235;255m[48;2;195;166;247m▀[0m[38;2;195;166;247m▀[0m    
      [38;2;195;166;247m▀[0m[38;2;245;154;184m[48;2;195;166;247m▀[0m[38;2;245;154;184m[48;2;195;166;247m▀[0m[38;2;245;154;184m[48;2;195;166;247m▀[0m[38;2;245;154;184m[48;2;195;166;247m▀[0m[38;2;245;154;184m[48;2;195;166;247m▀[0m[38;2;195;166;247m▀[0m[38;2;195;166;247m▀[0m[38;2;245;154;184m[48;2;195;166;247m▀[0m[38;2;245;154;184m[48;2;195;166;247m▀[0m[38;2;245;154;184m[48;2;195;166;247m▀[0m[38;2;245;154;184m[48;2;195;166;247m▀[0m[38;2;245;154;184m[48;2;195;166;247m▀[0m[38;2;195;166;247m▀[0m      
